76LCIE2351803361452706724256188Asinel250150150250150100010000289Hydro Quebec (HQ)150
0150220
0
0
0392Vattenfall200503020050100020000492LCIE1342241542245506723584493HQ (electrical)250
028015015
0
0893HQ (thermal)150
02232080
0
0893LCIE / EDF-1501502005508005000493Jeumont Schneider150-150200200100010000493Enel2001005010010050010000493Asinel250190180250180100010000496Labelec753580110504005300996Laborelec1511312662507384811818992LCIE8288112019712134478444856004
