76LCIE134134-45157100810528180Alsthom10020020200200100010000281EDF-22531102257854500282Asinel1051251016671200018000285Chili100501550655005000288Asinel100701017070100010000289Hydro Quebec (HQ)150
08220
0
0
0392LCIE-224511222421506720492Vattenfall20050320050100020000493HQ (electrical)85
0703580
0
0893HQ (thermal)175
03375100
0
0893LCIE / EDF80
04100200800
0493Jeumont Schneider150-15100200100010000493Haeffely125100201501005006000493ABB Sweden2003-20050100020000493GEC50305
0
0
0
0493Asinel100701017070100010000495Enel95280101502507008000496Labelec6040360505405100996Laborelec (tight OLTC)847956166526738068996Laborelec (no OLTC)66111151109086512670999